0 0.778646 0.562960 0.106250 0.267463
0 0.065365 0.703125 0.129688 0.257353
6 0.201042 0.702206 0.067708 0.227941
6 0.116667 0.395221 0.080208 0.169118
6 0.069531 0.386489 0.052604 0.173713
6 0.176302 0.426011 0.034896 0.155331
8 0.310417 0.421875 0.044792 0.213235
8 0.229948 0.386489 0.070312 0.232537
8 0.735156 0.309283 0.097396 0.236213
4 0.498958 0.352482 0.038542 0.122243
4 0.081771 0.122702 0.093750 0.122243
5 0.342448 0.485294 0.028646 0.058824
5 0.590625 0.183824 0.031250 0.084559
5 0.321615 0.574449 0.036979 0.056985
