0 0.944531 0.630515 0.031771 0.040441
0 0.546875 0.716452 0.032292 0.048713
2 0.511458 0.645680 0.085417 0.111213
2 0.100000 0.762868 0.198958 0.123162
2 0.307292 0.625000 0.114583 0.110294
2 0.057292 0.653033 0.110417 0.052390
4 0.007292 0.552390 0.006250 0.018382
4 0.286198 0.532629 0.004687 0.015625
4 0.325521 0.526654 0.007292 0.018382
4 0.335156 0.528952 0.005729 0.015625
4 0.352083 0.527574 0.004167 0.018382
4 0.414844 0.523438 0.005729 0.015625
4 0.397135 0.521140 0.006771 0.020221
4 0.389583 0.519301 0.006250 0.020221
4 0.378646 0.519761 0.006250 0.017463
4 0.373177 0.518382 0.004687 0.018382
