4 0.116667 0.793658 0.115625 0.357537
4 0.173177 0.631893 0.058854 0.214154
4 0.255990 0.364890 0.048438 0.136029
4 0.339583 0.423713 0.075000 0.134191
4 0.868490 0.788603 0.043229 0.137868
4 0.690625 0.132812 0.030208 0.105699
4 0.555729 0.055147 0.026042 0.060662
0 0.119271 0.483456 0.081250 0.071691
0 0.609115 0.052390 0.028646 0.051471
8 0.910156 0.464614 0.119271 0.162684
8 0.611198 0.619945 0.049479 0.164522
0 0.458073 0.856158 0.082812 0.219669
8 0.532552 0.615349 0.042188 0.166360
8 0.506510 0.342371 0.106771 0.078125
8 0.458854 0.199449 0.093750 0.068015
6 0.649740 0.091452 0.036979 0.068934
6 0.392448 0.633732 0.030729 0.149816
6 0.432812 0.629136 0.032292 0.147978
6 0.498177 0.640625 0.033854 0.145221
6 0.588021 0.851103 0.052083 0.183824
5 0.646094 0.740349 0.019271 0.067096
5 0.878385 0.620864 0.047396 0.098346
5 0.642969 0.657169 0.019271 0.034926
5 0.395052 0.266544 0.018229 0.045956
5 0.288542 0.248162 0.022917 0.027574
4 0.165885 0.202206 0.050521 0.101103
5 0.197396 0.286765 0.034375 0.027574
5 0.372656 0.234375 0.024479 0.029412
5 0.113281 0.184283 0.030729 0.024816
5 0.254688 0.168199 0.026042 0.033088
