2 0.057813 0.652114 0.113542 0.072610
2 0.100000 0.768842 0.198958 0.116728
2 0.190885 0.710018 0.116146 0.083640
2 0.307552 0.639246 0.115104 0.092831
2 0.510156 0.651654 0.085938 0.104779
0 0.547396 0.715074 0.026042 0.049632
0 0.943490 0.627757 0.033854 0.058824
4 0.216667 0.533548 0.007292 0.017463
4 0.301563 0.526195 0.004167 0.015625
4 0.357812 0.524816 0.006250 0.016544
4 0.369531 0.522518 0.005729 0.015625
4 0.380208 0.520680 0.007292 0.015625
4 0.389323 0.521599 0.006771 0.019301
4 0.401302 0.525735 0.004687 0.020221
4 0.411979 0.520221 0.003125 0.016544
4 0.433333 0.520680 0.006250 0.019301
4 0.443490 0.521599 0.005729 0.019301
