6 0.413021 0.491268 0.018750 0.013787
5 0.477344 0.471048 0.016146 0.008272
5 0.213281 0.460018 0.010937 0.008272
0 0.299479 0.516085 0.053125 0.140625
4 0.252083 0.496324 0.047917 0.119485
4 0.192448 0.475184 0.043229 0.134191
8 0.151042 0.523438 0.035417 0.022978
8 0.058854 0.515165 0.023958 0.035846
6 0.132552 0.619485 0.052604 0.023897
5 0.636198 0.922794 0.025521 0.044118
5 0.610677 0.922794 0.028646 0.053309
6 0.568750 0.924173 0.029167 0.065257
4 0.541927 0.842831 0.024479 0.220588
4 0.485417 0.842831 0.026042 0.233456
4 0.457292 0.842371 0.025000 0.199449
4 0.426563 0.830423 0.034375 0.258272
4 0.395573 0.802849 0.035937 0.293199
4 0.364323 0.826746 0.033854 0.238051
4 0.333854 0.813419 0.039583 0.255515
4 0.151302 0.794118 0.063021 0.237132
