6 0.422396 0.488511 0.018750 0.019301
5 0.543490 0.501379 0.014063 0.013787
5 0.934896 0.562960 0.031250 0.017463
5 0.871875 0.462776 0.013542 0.010110
5 0.098958 0.435662 0.023958 0.012868
6 0.135417 0.407629 0.010417 0.015625
6 0.139844 0.353860 0.014063 0.011029
6 0.008854 0.380974 0.011458 0.011949
0 0.391146 0.820312 0.091667 0.250919
4 0.345313 0.679688 0.076042 0.188419
4 0.276562 0.607077 0.069792 0.201287
8 0.227865 0.656710 0.058854 0.043199
6 0.163281 0.630515 0.039062 0.031250
8 0.121354 0.616728 0.025000 0.055147
8 0.189062 0.919118 0.107292 0.086397
8 0.065365 0.880974 0.103646 0.061581
6 0.061719 0.954044 0.091146 0.058824
