2 0.055729 0.650735 0.110417 0.064338
2 0.100260 0.765625 0.199479 0.125000
2 0.190365 0.714154 0.115104 0.082721
2 0.308073 0.634191 0.113021 0.104779
2 0.510417 0.649816 0.083333 0.104779
0 0.547135 0.720588 0.028646 0.058824
0 0.944010 0.630974 0.035937 0.048713
4 0.407552 0.528952 0.006771 0.022978
4 0.334896 0.533548 0.009375 0.022978
4 0.247135 0.529412 0.008854 0.014706
4 0.216146 0.529412 0.008333 0.020221
4 0.180208 0.544577 0.007292 0.017463
4 0.128906 0.535846 0.004687 0.018382
4 0.096094 0.559743 0.008854 0.018382
