5 0.451562 0.848805 0.040625 0.175551
5 0.351562 0.947151 0.028125 0.074449
5 0.878385 0.726103 0.044271 0.090074
5 0.884115 0.589154 0.027604 0.075368
6 0.316667 0.895680 0.050000 0.188419
8 0.389583 0.848346 0.068750 0.283088
6 0.552344 0.772059 0.076563 0.244485
6 0.605469 0.751379 0.073438 0.241728
6 0.669271 0.727482 0.054167 0.195772
8 0.204427 0.389246 0.057813 0.212316
4 0.111458 0.272059 0.128125 0.494485
8 0.208854 0.178309 0.052083 0.176471
8 0.260677 0.183824 0.051562 0.156250
8 0.323698 0.139706 0.049479 0.187500
8 0.375260 0.143382 0.055729 0.172794
8 0.429688 0.125000 0.060417 0.161765
8 0.480469 0.119026 0.065104 0.173713
8 0.525781 0.102941 0.069271 0.174632
8 0.623177 0.084559 0.072396 0.167279
6 0.758073 0.066636 0.079687 0.131434
