4 0.488281 0.571691 0.021354 0.106618
4 0.135677 0.647059 0.084896 0.226103
5 0.147917 0.525735 0.025000 0.045956
5 0.247135 0.357537 0.021354 0.029412
8 0.509375 0.763327 0.082292 0.146140
8 0.712240 0.544118 0.107813 0.106618
8 0.419010 0.786765 0.082812 0.176471
6 0.394010 0.844669 0.064062 0.112132
6 0.312500 0.860754 0.052083 0.170037
6 0.262760 0.888787 0.052604 0.183824
6 0.310937 0.545037 0.097917 0.062500
8 0.212760 0.446691 0.108854 0.058824
4 0.282552 0.294118 0.025521 0.102941
4 0.436458 0.342371 0.034375 0.085478
0 0.334115 0.275735 0.039062 0.088235
8 0.383594 0.325368 0.056771 0.073529
