4 0.643229 0.835938 0.041667 0.146140
8 0.575260 0.892923 0.095312 0.206801
8 0.803646 0.633272 0.126042 0.152574
8 0.475000 0.909007 0.095833 0.176471
8 0.374219 0.635110 0.079687 0.097426
8 0.269271 0.487592 0.100000 0.067096
5 0.052344 0.659007 0.047396 0.042279
5 0.204687 0.574449 0.030208 0.042279
5 0.257812 0.340074 0.006250 0.033088
5 0.047917 0.788603 0.094792 0.040441
4 0.178906 0.760110 0.124479 0.194853
5 0.060417 0.588235 0.034375 0.020221
4 0.941667 0.695312 0.100000 0.311581
4 0.354948 0.331801 0.038021 0.095588
4 0.509115 0.397059 0.038021 0.080882
8 0.452865 0.363051 0.057813 0.090074
0 0.403906 0.331801 0.033854 0.073529
