6 0.633333 0.912684 0.121875 0.115809
5 0.709896 0.732077 0.070833 0.052390
4 0.635417 0.541360 0.081250 0.238971
6 0.738802 0.666820 0.075521 0.048713
6 0.721354 0.523438 0.050000 0.034007
5 0.779167 0.599265 0.068750 0.040441
4 0.812240 0.481158 0.066146 0.193934
6 0.421615 0.522518 0.039062 0.030331
6 0.300000 0.468750 0.050000 0.040441
6 0.152604 0.494485 0.051042 0.058824
8 0.251563 0.498162 0.061458 0.058824
8 0.375260 0.433824 0.053646 0.045956
4 0.271094 0.335018 0.032813 0.100184
6 0.122917 0.846048 0.086458 0.105699
6 0.936198 0.726562 0.075521 0.050551
8 0.309115 0.419118 0.045312 0.038603
