2 0.056510 0.652574 0.111979 0.073529
2 0.099219 0.765625 0.197396 0.115809
2 0.189323 0.713695 0.117188 0.083640
2 0.305208 0.636029 0.114583 0.099265
2 0.511979 0.646599 0.086458 0.098346
0 0.545052 0.719210 0.027604 0.052390
0 0.943490 0.628676 0.032813 0.053309
4 0.434115 0.517923 0.005729 0.024816
4 0.397656 0.525735 0.007812 0.020221
4 0.372656 0.526195 0.006771 0.021140
4 0.350000 0.521599 0.006250 0.022978
4 0.324219 0.522518 0.004687 0.017463
4 0.314063 0.533088 0.009375 0.020221
4 0.302344 0.522059 0.007812 0.020221
4 0.279948 0.530331 0.008854 0.020221
4 0.257812 0.539522 0.006250 0.018382
