5 0.279948 0.360294 0.018229 0.023897
4 0.398958 0.454963 0.026042 0.095588
8 0.657552 0.474265 0.092188 0.097426
0 0.756771 0.538603 0.119792 0.119485
0 0.406510 0.909007 0.131771 0.181985
6 0.515104 0.836857 0.093750 0.160846
8 0.468229 0.657169 0.080208 0.156250
8 0.399219 0.691636 0.074479 0.147978
6 0.368490 0.734835 0.049479 0.102022
6 0.296615 0.753676 0.054688 0.139706
6 0.255208 0.767923 0.048958 0.133272
6 0.284375 0.499540 0.090625 0.083640
4 0.128906 0.599265 0.091146 0.191176
5 0.127083 0.482077 0.032292 0.028493
5 0.025000 0.457721 0.022917 0.020221
4 0.246615 0.271599 0.028646 0.072610
