2 0.056250 0.653493 0.111458 0.069853
2 0.098958 0.767463 0.196875 0.123162
2 0.189323 0.707721 0.117188 0.084559
2 0.307812 0.637408 0.111458 0.103860
2 0.512240 0.647978 0.083854 0.106618
0 0.548177 0.716912 0.028646 0.053309
0 0.944271 0.630515 0.034375 0.045956
4 0.347656 0.532169 0.008854 0.023897
4 0.428125 0.525276 0.008333 0.022978
4 0.444531 0.523438 0.006771 0.022978
4 0.273438 0.522059 0.005208 0.023897
4 0.247396 0.524816 0.005208 0.022059
4 0.232031 0.534926 0.006771 0.018382
4 0.221094 0.541820 0.005729 0.019301
4 0.211979 0.547794 0.007292 0.023897
4 0.191406 0.573529 0.008854 0.025735
4 0.183333 0.543658 0.005208 0.017463
