8 0.634115 0.904871 0.120313 0.116728
4 0.523698 0.619485 0.117188 0.327206
4 0.635938 0.534467 0.082292 0.241728
5 0.709635 0.726103 0.070312 0.051471
6 0.739323 0.660846 0.074479 0.051471
6 0.940885 0.816176 0.109896 0.066176
5 0.780469 0.592831 0.067187 0.042279
4 0.813281 0.474724 0.065104 0.197610
6 0.723958 0.517004 0.052083 0.032169
6 0.125260 0.838695 0.085938 0.111213
6 0.422396 0.517004 0.042708 0.032169
6 0.302083 0.463235 0.050000 0.040441
8 0.252344 0.492188 0.056771 0.056066
6 0.153125 0.486213 0.047917 0.056985
8 0.376302 0.426471 0.055729 0.045956
8 0.310937 0.411305 0.045833 0.041360
4 0.272656 0.329963 0.031771 0.095588
