4 0.892969 0.182445 0.043229 0.125919
5 0.866667 0.212776 0.011458 0.024816
8 0.527344 0.258732 0.041146 0.103860
8 0.626563 0.312040 0.045833 0.124081
8 0.746354 0.389706 0.046875 0.126838
8 0.771875 0.416820 0.045833 0.116728
8 0.809375 0.414062 0.054167 0.147978
8 0.834375 0.443015 0.042708 0.137868
8 0.870052 0.455882 0.041146 0.139706
8 0.897656 0.480239 0.046354 0.153493
8 0.928385 0.494026 0.044271 0.157169
8 0.959635 0.511489 0.049479 0.170037
8 0.714323 0.542279 0.041146 0.125000
4 0.688021 0.531250 0.042708 0.125000
6 0.608854 0.453125 0.035417 0.097426
8 0.535677 0.416820 0.044271 0.118566
6 0.853906 0.940717 0.034896 0.098346
6 0.828385 0.920496 0.038021 0.118566
6 0.801823 0.902114 0.030729 0.124081
5 0.753906 0.886489 0.031771 0.074449
8 0.729167 0.857537 0.035417 0.121324
5 0.706510 0.881893 0.013021 0.030331
6 0.702344 0.842371 0.027604 0.085478
8 0.561198 0.918658 0.041146 0.157169
4 0.548177 0.741728 0.022396 0.082721
6 0.529427 0.723346 0.025521 0.080882
0 0.314583 0.527114 0.069792 0.144301
0 0.274479 0.476103 0.065625 0.145221
4 0.232552 0.433364 0.063021 0.199449
8 0.178125 0.411305 0.051042 0.146140
8 0.150260 0.584099 0.058854 0.114890
4 0.098437 0.562500 0.100000 0.136029
8 0.062500 0.221967 0.085417 0.074449
8 0.104427 0.136489 0.094271 0.078125
6 0.155990 0.079963 0.029687 0.086397
8 0.248438 0.068934 0.035417 0.128676
