0 0.944271 0.630515 0.030208 0.042279
5 0.911198 0.615809 0.020313 0.012868
0 0.546875 0.715993 0.032292 0.049632
2 0.510938 0.643842 0.084375 0.114890
2 0.100000 0.761489 0.198958 0.120404
2 0.304427 0.626379 0.116146 0.114890
2 0.057552 0.652574 0.109896 0.051471
4 0.041406 0.568474 0.003646 0.019301
4 0.104948 0.556526 0.003646 0.011949
4 0.100781 0.536765 0.002604 0.009191
4 0.147135 0.542739 0.004687 0.019301
4 0.186458 0.530331 0.007292 0.018382
4 0.199479 0.528033 0.003125 0.011949
4 0.212760 0.527574 0.005729 0.016544
4 0.322917 0.530331 0.008333 0.022059
4 0.378385 0.531710 0.007812 0.021140
