8 0.522135 0.561121 0.041146 0.103860
8 0.621094 0.615349 0.044271 0.125919
8 0.742969 0.689798 0.043229 0.135110
8 0.769792 0.718290 0.043750 0.124081
8 0.808333 0.714154 0.048958 0.156250
8 0.835417 0.742647 0.038542 0.150735
8 0.871615 0.759191 0.036979 0.143382
8 0.900781 0.784007 0.041146 0.159926
8 0.933854 0.798713 0.038542 0.167279
8 0.966406 0.816176 0.042188 0.178309
8 0.716146 0.851562 0.038542 0.131434
4 0.690625 0.839154 0.040625 0.136029
6 0.607031 0.760110 0.034896 0.104779
8 0.532292 0.722886 0.041667 0.125919
0 0.305208 0.839614 0.072917 0.159007
0 0.265885 0.789522 0.070312 0.152574
4 0.227083 0.745864 0.064583 0.204963
8 0.169792 0.722426 0.056250 0.150735
8 0.133594 0.904412 0.066146 0.125000
4 0.084635 0.884191 0.100521 0.147059
8 0.064323 0.531710 0.081771 0.074449
8 0.109375 0.448529 0.089583 0.073529
6 0.164062 0.395680 0.027083 0.081801
8 0.254427 0.380055 0.031771 0.129596
8 0.281250 0.353401 0.029167 0.098346
4 0.357812 0.279871 0.034375 0.204963
4 0.388021 0.273438 0.027083 0.199449
5 0.366927 0.381893 0.007812 0.022978
4 0.445573 0.273438 0.024479 0.136949
4 0.488021 0.271599 0.021875 0.129596
4 0.515104 0.285846 0.031250 0.167279
5 0.472396 0.291360 0.010417 0.014706
5 0.430729 0.292739 0.010417 0.019301
4 0.877865 0.485294 0.038021 0.123162
5 0.853646 0.512868 0.010417 0.023897
