5 0.742188 0.353860 0.033333 0.066176
8 0.704427 0.405331 0.053646 0.148897
6 0.672396 0.424632 0.043750 0.130515
8 0.611979 0.443474 0.045833 0.146140
8 0.583333 0.449908 0.041667 0.159007
8 0.549479 0.463235 0.044792 0.156250
8 0.520312 0.474724 0.041667 0.153493
8 0.492188 0.491728 0.041667 0.148897
8 0.460156 0.496324 0.038021 0.137868
8 0.426302 0.519761 0.034896 0.142463
8 0.394010 0.515165 0.033854 0.157169
8 0.358594 0.555607 0.028646 0.131434
8 0.328906 0.551930 0.030729 0.142463
4 0.400260 0.248162 0.022396 0.126838
8 0.186458 0.604779 0.035417 0.156250
8 0.055469 0.660846 0.039062 0.143382
8 0.110417 0.823989 0.039583 0.155331
6 0.202083 0.772059 0.031250 0.126838
4 0.303646 0.758272 0.044792 0.158088
8 0.341667 0.737592 0.035417 0.142463
5 0.708854 0.835938 0.016667 0.028493
5 0.705469 0.872702 0.017188 0.046875
5 0.692187 0.961857 0.025000 0.052390
6 0.663542 0.934283 0.029167 0.131434
