6 0.488542 0.568934 0.018750 0.018382
5 0.472396 0.544118 0.014583 0.011029
5 0.790625 0.574449 0.022917 0.012868
5 0.765104 0.524816 0.015625 0.009191
6 0.160156 0.508272 0.007812 0.011029
5 0.080990 0.523897 0.023438 0.011029
6 0.118490 0.458640 0.013021 0.009191
6 0.063802 0.495404 0.009896 0.011029
8 0.181510 0.641085 0.020313 0.043199
6 0.216927 0.651195 0.030729 0.022978
8 0.275260 0.664982 0.045312 0.035846
4 0.320052 0.613511 0.054688 0.166360
4 0.382812 0.658548 0.061458 0.151654
0 0.429688 0.727022 0.071875 0.196691
8 0.276302 0.805147 0.078646 0.060662
6 0.177865 0.916360 0.073438 0.034926
6 0.183333 0.829044 0.065625 0.042279
8 0.176823 0.789982 0.077604 0.046875
4 0.069271 0.667279 0.076042 0.165441
4 0.054948 0.590993 0.020313 0.161765
4 0.034896 0.598346 0.019792 0.147059
8 0.021875 0.615349 0.034375 0.054228
