5 0.748698 0.170496 0.032813 0.067096
8 0.709375 0.223346 0.053125 0.150735
4 0.676562 0.242647 0.042708 0.134191
8 0.615625 0.262868 0.045833 0.145221
8 0.586719 0.269301 0.041146 0.158088
8 0.552604 0.278952 0.045833 0.164522
8 0.523177 0.295037 0.043229 0.152574
8 0.494531 0.312040 0.041146 0.147978
8 0.462240 0.314798 0.038021 0.136949
8 0.428385 0.336397 0.036979 0.143382
8 0.396615 0.334559 0.035937 0.159926
8 0.361719 0.374081 0.029687 0.128676
8 0.332292 0.371783 0.032292 0.144301
4 0.399740 0.064798 0.026562 0.127757
8 0.191406 0.426011 0.036979 0.151654
8 0.062760 0.478860 0.036979 0.143382
8 0.121875 0.639246 0.038542 0.153493
6 0.211198 0.589614 0.030729 0.116728
4 0.309115 0.562960 0.045312 0.170037
8 0.346875 0.552849 0.036458 0.136949
5 0.706510 0.647518 0.017188 0.026654
5 0.702344 0.680607 0.017188 0.043199
5 0.688021 0.764706 0.023958 0.047794
5 0.656250 0.893382 0.020833 0.058824
8 0.661458 0.744026 0.026042 0.125919
8 0.637500 0.763787 0.029167 0.112132
6 0.612240 0.764706 0.028646 0.113971
6 0.586979 0.767463 0.022917 0.112132
6 0.556771 0.778952 0.033333 0.129596
6 0.528385 0.791820 0.039062 0.129596
5 0.488021 0.831801 0.020833 0.088235
8 0.458854 0.829044 0.033333 0.137868
6 0.425260 0.852482 0.023438 0.096507
5 0.443750 0.878217 0.011458 0.030331
4 0.243490 0.940257 0.026562 0.110294
6 0.212500 0.949908 0.025000 0.094669
