2 0.055990 0.654412 0.110937 0.068015
2 0.101042 0.768842 0.198958 0.116728
2 0.188281 0.711397 0.119271 0.082721
2 0.308073 0.637408 0.114062 0.105699
2 0.511979 0.649816 0.085417 0.112132
0 0.546354 0.720129 0.031250 0.050551
0 0.944010 0.631893 0.030729 0.052390
4 0.415625 0.518842 0.005208 0.015625
4 0.406250 0.525735 0.003125 0.016544
4 0.392969 0.524357 0.004687 0.015625
4 0.365365 0.523438 0.006771 0.019301
4 0.348438 0.522059 0.006250 0.018382
4 0.334896 0.531710 0.006250 0.019301
4 0.327344 0.522978 0.005729 0.016544
4 0.296875 0.529412 0.007292 0.016544
4 0.291146 0.534926 0.006250 0.016544
4 0.267188 0.533088 0.004167 0.014706
