2 0.055990 0.653493 0.110937 0.058824
2 0.100781 0.768842 0.198437 0.124081
2 0.188281 0.708640 0.116146 0.071691
2 0.306250 0.633732 0.113542 0.102022
2 0.512240 0.650276 0.085938 0.094669
0 0.544010 0.715074 0.030729 0.056985
0 0.943750 0.629596 0.030208 0.055147
4 0.339583 0.561121 0.007292 0.019301
4 0.367448 0.529412 0.007812 0.022059
4 0.374219 0.528952 0.004687 0.017463
4 0.352604 0.529412 0.007292 0.016544
4 0.338542 0.523897 0.004167 0.018382
4 0.313542 0.523897 0.005208 0.016544
4 0.286979 0.535386 0.007292 0.017463
4 0.278385 0.524357 0.005729 0.015625
4 0.266667 0.533088 0.009375 0.020221
4 0.243750 0.540441 0.006250 0.016544
