4 0.157292 0.798713 0.046875 0.226103
4 0.110417 0.721967 0.030208 0.146140
4 0.206250 0.585018 0.052083 0.135110
4 0.304948 0.446232 0.011979 0.065257
4 0.263542 0.391544 0.025000 0.051471
5 0.404687 0.511029 0.015625 0.031250
0 0.422135 0.738051 0.106771 0.117647
6 0.488021 0.705882 0.061458 0.075368
0 0.667708 0.556526 0.075000 0.085478
0 0.823698 0.624081 0.071354 0.084559
8 0.455729 0.617188 0.052083 0.063419
6 0.308333 0.675551 0.035417 0.068015
6 0.046875 0.770680 0.029167 0.083640
5 0.105469 0.620404 0.057813 0.045956
5 0.081510 0.564798 0.035937 0.037684
