8 0.176823 0.316176 0.034896 0.126838
8 0.290104 0.296875 0.030208 0.143382
8 0.422135 0.282629 0.028646 0.144301
8 0.451302 0.294577 0.029687 0.127757
8 0.486458 0.265625 0.029167 0.159926
8 0.516146 0.278033 0.028125 0.142463
8 0.550260 0.265625 0.029687 0.141544
8 0.580729 0.269761 0.029167 0.149816
8 0.609896 0.262868 0.031250 0.154412
8 0.639583 0.255974 0.032292 0.162684
8 0.674219 0.252757 0.030729 0.165441
8 0.704427 0.255974 0.036979 0.149816
6 0.767969 0.252298 0.033854 0.144301
8 0.803906 0.242647 0.044271 0.159926
5 0.850521 0.198529 0.032292 0.073529
8 0.421615 0.465533 0.028646 0.135110
4 0.391406 0.464614 0.032813 0.160846
6 0.297917 0.459099 0.026042 0.111213
8 0.215104 0.480239 0.037500 0.142463
6 0.271354 0.791360 0.019792 0.097426
4 0.295833 0.789522 0.023958 0.099265
6 0.470313 0.768382 0.018750 0.091912
5 0.482552 0.793199 0.011979 0.029412
8 0.499479 0.752298 0.025000 0.127757
5 0.528906 0.766085 0.021354 0.081801
6 0.568750 0.742188 0.030208 0.127757
6 0.597396 0.739890 0.023958 0.128676
6 0.625781 0.734375 0.021354 0.110294
6 0.650260 0.745864 0.021354 0.113051
8 0.672917 0.747702 0.022917 0.111213
8 0.698177 0.738511 0.027604 0.125919
5 0.723177 0.766544 0.025521 0.042279
5 0.744792 0.692555 0.019792 0.041360
5 0.752604 0.661765 0.017708 0.023897
5 0.678385 0.875460 0.017188 0.056066
5 0.671354 0.956342 0.025000 0.072610
4 0.631250 0.915441 0.043750 0.137868
