4 0.394792 0.408548 0.022917 0.136949
5 0.763281 0.519761 0.039062 0.067096
8 0.725000 0.573529 0.062500 0.156250
6 0.690625 0.593750 0.052083 0.137868
8 0.144010 0.787684 0.041146 0.169118
8 0.306771 0.727482 0.033333 0.155331
8 0.341406 0.729320 0.030729 0.140625
8 0.382292 0.688879 0.036458 0.173713
8 0.418750 0.692096 0.038542 0.152574
8 0.457031 0.666820 0.039062 0.147978
8 0.492708 0.661765 0.045833 0.161765
8 0.524219 0.643842 0.048438 0.164522
8 0.556250 0.630055 0.051042 0.175551
8 0.592448 0.619485 0.048438 0.167279
8 0.623958 0.612132 0.053125 0.154412
