4 0.086198 0.593290 0.086979 0.122243
4 0.240365 0.089154 0.019271 0.093750
4 0.399740 0.141085 0.041146 0.113051
4 0.670052 0.692555 0.039062 0.157169
5 0.583073 0.875460 0.054688 0.133272
5 0.648438 0.536765 0.045833 0.082721
5 0.084375 0.116268 0.031250 0.022978
5 0.104688 0.380974 0.028125 0.054228
5 0.072917 0.355239 0.041667 0.039522
5 0.038021 0.350643 0.025000 0.026654
5 0.009896 0.342831 0.018750 0.031250
8 0.262760 0.418199 0.116146 0.099265
8 0.161458 0.288603 0.078125 0.091912
8 0.420052 0.642923 0.090104 0.147978
8 0.345833 0.682445 0.076042 0.182904
8 0.648438 0.377298 0.121875 0.133272
0 0.745573 0.487592 0.123438 0.153493
0 0.300260 0.087316 0.041146 0.058824
6 0.348958 0.126379 0.052083 0.076287
6 0.304948 0.730239 0.063021 0.140625
6 0.432031 0.879136 0.085938 0.181066
6 0.230990 0.759191 0.058854 0.154412
6 0.183073 0.771140 0.057813 0.185662
