5 0.857000 0.804805 0.126000 0.084084
5 0.891000 0.621622 0.046000 0.066066
5 0.433000 0.525526 0.042000 0.054054
4 0.312000 0.726727 0.192000 0.390390
4 0.247000 0.768769 0.070000 0.156156
4 0.687000 0.690691 0.090000 0.198198
4 0.568000 0.659159 0.120000 0.183183
4 0.667000 0.521021 0.082000 0.183183
4 0.533000 0.513514 0.090000 0.162162
4 0.199000 0.507508 0.058000 0.144144
4 0.166000 0.587087 0.060000 0.147147
4 0.136000 0.542042 0.088000 0.117117
4 0.863000 0.620120 0.114000 0.213213
4 0.965000 0.602102 0.070000 0.141141
8 0.544000 0.686186 0.112000 0.057057
