6 0.216648 0.382264 0.025402 0.034265
5 0.244243 0.352522 0.016996 0.020285
5 0.258132 0.338268 0.011513 0.013706
4 0.292763 0.371711 0.032529 0.075658
4 0.300713 0.294545 0.018823 0.055099
4 0.310673 0.285499 0.019371 0.056195
5 0.348867 0.272478 0.019006 0.022478
5 0.359923 0.262473 0.023940 0.021656
5 0.416118 0.252741 0.011330 0.012061
5 0.576206 0.261513 0.023392 0.014254
5 0.624269 0.280291 0.011330 0.007950
4 0.646199 0.288925 0.029971 0.103070
4 0.714181 0.197643 0.035088 0.074561
4 0.815698 0.267407 0.024306 0.123081
4 0.838542 0.274397 0.044042 0.104167
5 0.923702 0.232182 0.013341 0.018640
5 0.912738 0.226700 0.016265 0.020833
5 0.894006 0.214364 0.016447 0.016996
4 0.725786 0.435444 0.040022 0.118695
4 0.700110 0.416530 0.039108 0.119243
4 0.664565 0.382675 0.038194 0.122807
6 0.645651 0.408854 0.025585 0.033717
5 0.601974 0.376371 0.022661 0.023026
6 0.516813 0.291118 0.028509 0.024671
4 0.702851 0.511513 0.049342 0.125548
4 0.604075 0.433251 0.028692 0.081963
4 0.576663 0.408306 0.033077 0.092379
4 0.552997 0.379934 0.039474 0.094298
6 0.434576 0.277686 0.022295 0.026316
4 0.442891 0.426124 0.040022 0.104989
4 0.470669 0.457648 0.033077 0.087445
4 0.607639 0.599370 0.028143 0.056195
4 0.559485 0.647067 0.030519 0.080318
4 0.522844 0.623355 0.042398 0.086623
4 0.499178 0.603207 0.048794 0.102248
4 0.433754 0.535910 0.043311 0.082785
5 0.301352 0.452303 0.013158 0.009868
5 0.104624 0.458059 0.022113 0.021930
4 0.512336 0.840735 0.066703 0.197368
4 0.467014 0.814556 0.059759 0.135143
5 0.634503 0.960663 0.035819 0.051261
4 0.654057 0.915844 0.065058 0.098136
5 0.929185 0.855126 0.054642 0.046327
4 0.719846 0.820175 0.062500 0.097039
4 0.754386 0.741639 0.068348 0.158717
