6 0.298177 0.722426 0.024479 0.029412
5 0.656250 0.589614 0.008333 0.019301
5 0.753906 0.353860 0.006771 0.011029
8 0.459635 0.266544 0.040104 0.031250
8 0.383073 0.285846 0.023438 0.018382
8 0.328906 0.291360 0.039062 0.034926
6 0.299479 0.352941 0.011458 0.012868
6 0.297917 0.306985 0.015625 0.012868
8 0.217448 0.310662 0.042188 0.023897
0 0.104948 0.312500 0.030729 0.079044
0 0.033333 0.319853 0.045833 0.113971
8 0.221875 0.471507 0.080208 0.044118
4 0.163802 0.378676 0.045312 0.126838
5 0.100260 0.561581 0.014063 0.023897
6 0.013021 0.496324 0.015625 0.020221
4 0.010417 0.544577 0.019792 0.076287
4 0.095833 0.583180 0.043750 0.135110
6 0.129427 0.604320 0.044271 0.026654
6 0.168750 0.565717 0.031250 0.015625
6 0.159896 0.514246 0.037500 0.021140
8 0.082812 0.422335 0.040625 0.022978
7 0.898698 0.242188 0.049479 0.057904
