5 0.616927 0.528033 0.030729 0.094669
4 0.547656 0.661765 0.027604 0.112132
4 0.125000 0.298254 0.055208 0.120404
4 0.183854 0.352022 0.070833 0.130515
4 0.219531 0.259191 0.065104 0.104779
4 0.588802 0.145680 0.017188 0.079963
6 0.295052 0.750460 0.048438 0.192096
6 0.217448 0.547794 0.052604 0.141544
6 0.180208 0.545037 0.061458 0.123162
6 0.270052 0.564798 0.042188 0.107537
8 0.307292 0.543199 0.050000 0.156250
8 0.375521 0.562040 0.037500 0.147978
8 0.709635 0.464614 0.083854 0.159007
8 0.366146 0.299632 0.093750 0.044118
8 0.351042 0.171415 0.080208 0.039522
5 0.398698 0.603401 0.013021 0.048713
5 0.387760 0.666360 0.015104 0.038603
5 0.285677 0.223805 0.011979 0.034007
6 0.028906 0.324449 0.056771 0.051471
5 0.257552 0.184283 0.016146 0.024816
5 0.105208 0.225643 0.023958 0.015625
5 0.056510 0.120404 0.026562 0.022059
