8 0.169010 0.546415 0.079687 0.090993
8 0.155729 0.460478 0.075000 0.084559
8 0.347917 0.430607 0.069792 0.065257
8 0.270313 0.401195 0.066667 0.061581
8 0.034896 0.539522 0.064583 0.082721
6 0.243490 0.493107 0.064062 0.059743
4 0.228125 0.283548 0.037500 0.124081
4 0.721354 0.705423 0.134375 0.386949
6 0.894531 0.927849 0.124479 0.090993
5 0.912500 0.819853 0.084375 0.071691
5 0.931771 0.762408 0.111458 0.070772
6 0.824219 0.599265 0.072396 0.053309
8 0.549219 0.570312 0.106771 0.096507
6 0.402865 0.595588 0.057813 0.051471
6 0.521094 0.477941 0.042188 0.038603
