8 0.637240 0.774357 0.118229 0.114890
5 0.714063 0.601562 0.069792 0.048713
4 0.642448 0.412224 0.080729 0.241728
4 0.529167 0.494945 0.116667 0.328125
4 0.822396 0.353860 0.066667 0.200368
6 0.743490 0.538143 0.072396 0.048713
6 0.941667 0.691636 0.108333 0.061581
6 0.730469 0.399816 0.049479 0.033088
6 0.135937 0.706801 0.086458 0.102941
8 0.258073 0.372243 0.059896 0.056985
8 0.158333 0.367188 0.046875 0.052390
6 0.307812 0.344210 0.050000 0.039522
8 0.382292 0.307904 0.054167 0.045956
4 0.277865 0.207261 0.031771 0.102022
5 0.787240 0.474265 0.069271 0.040441
8 0.316406 0.292279 0.045312 0.040441
