6 0.208854 0.404871 0.027083 0.041360
5 0.236458 0.368566 0.018750 0.023897
5 0.251042 0.352022 0.012500 0.016544
5 0.410417 0.250460 0.011458 0.015625
5 0.571875 0.261029 0.022917 0.018382
5 0.890365 0.205423 0.016146 0.021140
5 0.909375 0.220129 0.016667 0.026654
5 0.920312 0.227022 0.013542 0.023897
4 0.722917 0.467831 0.039583 0.143382
4 0.697396 0.445772 0.039583 0.143382
4 0.661458 0.406250 0.039583 0.147059
5 0.597396 0.397059 0.022917 0.029412
6 0.511979 0.295956 0.028125 0.031250
4 0.599479 0.465993 0.029167 0.097426
4 0.437760 0.457721 0.041146 0.126838
4 0.427865 0.588235 0.044271 0.101103
4 0.410417 0.896599 0.055208 0.136949
4 0.719010 0.932904 0.064062 0.123162
5 0.929948 0.974265 0.051562 0.051471
