4 0.056510 0.579963 0.102604 0.115809
4 0.044271 0.461857 0.048958 0.074449
4 0.173698 0.554688 0.100521 0.225184
4 0.453385 0.146140 0.047396 0.091912
4 0.817708 0.762868 0.041667 0.145221
4 0.295052 0.077206 0.048438 0.106618
5 0.178646 0.381893 0.028125 0.048713
5 0.114844 0.349265 0.039062 0.022059
5 0.083073 0.347426 0.019271 0.018382
5 0.048958 0.410386 0.040625 0.028493
5 0.138802 0.115809 0.025521 0.022059
5 0.784375 0.580423 0.058333 0.089154
5 0.680729 0.814338 0.044792 0.090074
8 0.723958 0.394761 0.096875 0.138787
8 0.333854 0.417739 0.095833 0.098346
8 0.236979 0.283088 0.104167 0.058824
8 0.526302 0.651654 0.098437 0.169118
8 0.450260 0.689338 0.092188 0.183824
6 0.432812 0.757353 0.079167 0.132353
6 0.348958 0.761029 0.062500 0.154412
6 0.305990 0.793658 0.066146 0.181066
6 0.565365 0.899816 0.090104 0.176471
0 0.840885 0.479320 0.109896 0.160846
0 0.352344 0.085018 0.036979 0.056066
