8 0.087760 0.430147 0.030729 0.134191
8 0.207552 0.374540 0.035937 0.157169
8 0.341667 0.322151 0.032292 0.142463
8 0.370052 0.322151 0.028646 0.135110
8 0.404167 0.283548 0.033333 0.160846
8 0.434375 0.290441 0.034375 0.139706
8 0.465885 0.266085 0.038021 0.140625
8 0.497656 0.264706 0.039062 0.147059
8 0.524219 0.245864 0.043229 0.153493
8 0.553646 0.236213 0.043750 0.154412
8 0.586719 0.219669 0.039062 0.158088
8 0.614323 0.212776 0.043229 0.146140
6 0.675000 0.193934 0.041667 0.134191
8 0.707031 0.174632 0.050521 0.150735
5 0.746615 0.120404 0.031771 0.068015
8 0.145313 0.583640 0.035417 0.147059
6 0.228385 0.535386 0.028646 0.116728
4 0.323437 0.512868 0.043750 0.156250
6 0.356510 0.500460 0.038021 0.133272
5 0.679948 0.702206 0.022396 0.045956
5 0.694271 0.623621 0.015625 0.039522
5 0.698958 0.590993 0.015625 0.023897
5 0.491667 0.767923 0.017708 0.081801
8 0.654948 0.682445 0.025521 0.124081
8 0.632552 0.701287 0.026562 0.110294
6 0.608854 0.708180 0.027083 0.105699
6 0.584896 0.705423 0.020833 0.107537
6 0.556250 0.716912 0.029167 0.121324
6 0.529167 0.728860 0.036458 0.123162
8 0.463802 0.764706 0.031771 0.126838
6 0.433854 0.788143 0.021875 0.094669
4 0.263021 0.868566 0.025000 0.099265
6 0.235677 0.880055 0.024479 0.100184
5 0.648958 0.905790 0.020833 0.072610
5 0.648958 0.823070 0.019792 0.054228
4 0.607292 0.878217 0.035417 0.142463
