5 0.751823 0.508732 0.014063 0.008272
5 0.776302 0.552849 0.022396 0.011949
6 0.493750 0.554688 0.019792 0.015625
5 0.463802 0.528033 0.013021 0.010110
5 0.074740 0.515625 0.023438 0.011029
6 0.159115 0.500000 0.008854 0.012868
6 0.112760 0.454504 0.013021 0.010110
6 0.066667 0.490809 0.010417 0.011029
6 0.430469 0.687500 0.071354 0.194853
4 0.383594 0.628217 0.060937 0.151654
4 0.320052 0.589614 0.053646 0.162684
8 0.277083 0.639246 0.044792 0.032169
6 0.217969 0.628676 0.030729 0.025735
8 0.183594 0.618566 0.020313 0.042279
8 0.320573 0.945772 0.119271 0.097426
8 0.279167 0.766544 0.075000 0.066176
6 0.185677 0.865349 0.070312 0.037684
6 0.189323 0.786305 0.063021 0.039522
4 0.076302 0.639246 0.075521 0.160846
