4 0.372917 0.125460 0.030208 0.177390
5 0.810417 0.248621 0.047917 0.074449
5 0.812240 0.858915 0.023438 0.070772
8 0.259896 0.677390 0.044792 0.196691
4 0.196615 0.627757 0.080729 0.336397
6 0.058594 0.722426 0.055729 0.161765
8 0.055729 0.519301 0.057292 0.180147
8 0.258594 0.453125 0.043229 0.172794
8 0.302604 0.455882 0.041667 0.159926
8 0.354167 0.412684 0.043750 0.187500
8 0.397917 0.412684 0.044792 0.176471
8 0.444271 0.393382 0.048958 0.163603
8 0.487500 0.387408 0.057292 0.177390
8 0.525521 0.371324 0.060417 0.174632
8 0.565104 0.357077 0.059375 0.184743
8 0.609115 0.347886 0.059896 0.175551
6 0.726042 0.322610 0.064583 0.139706
8 0.767188 0.300551 0.076042 0.158088
