4 0.873437 0.881893 0.059375 0.147978
4 0.461198 0.181985 0.033854 0.099265
4 0.309375 0.121324 0.029167 0.097426
4 0.077865 0.624540 0.100521 0.124081
4 0.070833 0.498162 0.053125 0.088235
4 0.197656 0.608915 0.091146 0.184743
0 0.837240 0.526654 0.106771 0.152574
5 0.834115 0.694853 0.079687 0.095588
5 0.636458 0.763327 0.047917 0.078125
5 0.200000 0.426011 0.035417 0.043199
5 0.159896 0.403952 0.033333 0.034007
5 0.128385 0.391544 0.026562 0.029412
5 0.063021 0.450368 0.037500 0.033088
5 0.150260 0.149816 0.021354 0.029412
5 0.102865 0.387408 0.020313 0.021140
8 0.252344 0.329504 0.108854 0.085478
8 0.352083 0.464154 0.091667 0.101103
8 0.724219 0.422794 0.113021 0.134191
8 0.411458 0.166820 0.044792 0.076287
0 0.360417 0.118566 0.035417 0.060662
8 0.535417 0.692096 0.085417 0.154412
8 0.460156 0.727941 0.076563 0.176471
6 0.432552 0.785386 0.047396 0.136949
6 0.367969 0.812500 0.057813 0.183824
6 0.323958 0.838695 0.058333 0.168199
