0 0.546615 0.492647 0.046354 0.126838
4 0.504948 0.476562 0.039062 0.103860
4 0.451302 0.458180 0.035937 0.118566
5 0.427604 0.444853 0.009375 0.009191
6 0.712500 0.484375 0.020833 0.012868
5 0.663802 0.455882 0.017188 0.011029
5 0.676823 0.438879 0.013021 0.008272
5 0.882031 0.862132 0.025521 0.038603
5 0.854688 0.858915 0.029167 0.045037
6 0.810417 0.850184 0.030208 0.056985
4 0.784115 0.772978 0.023438 0.196691
4 0.730469 0.763327 0.026562 0.212316
4 0.704427 0.761029 0.022396 0.180147
4 0.675781 0.753676 0.029687 0.213235
6 0.409635 0.579044 0.041146 0.018382
4 0.620313 0.740349 0.027083 0.201287
