4 0.063542 0.172794 0.082292 0.147059
8 0.309115 0.073070 0.136979 0.068934
8 0.300781 0.500460 0.046354 0.250919
8 0.215104 0.471967 0.055208 0.245404
8 0.741667 0.375919 0.076042 0.253676
0 0.784896 0.638787 0.119792 0.264706
4 0.502865 0.400735 0.032813 0.125000
5 0.593490 0.234835 0.036979 0.092831
5 0.328385 0.566636 0.027604 0.065257
5 0.310937 0.669118 0.043750 0.071691
6 0.050000 0.448989 0.069792 0.168199
6 0.093490 0.455423 0.074479 0.186581
6 0.159375 0.498162 0.059375 0.159926
6 0.185677 0.811121 0.067187 0.261949
4 0.116146 0.034007 0.072917 0.049632
