8 0.289062 0.220129 0.040625 0.116728
8 0.396875 0.239430 0.040625 0.138787
8 0.523698 0.272518 0.041146 0.142463
8 0.552083 0.295496 0.038542 0.124081
8 0.617188 0.299173 0.034375 0.142463
8 0.590104 0.278952 0.043750 0.157169
8 0.652604 0.300551 0.033333 0.141544
8 0.682552 0.316176 0.034896 0.154412
8 0.713281 0.318015 0.032813 0.158088
8 0.743750 0.322151 0.036458 0.173713
8 0.781771 0.334099 0.037500 0.170037
8 0.813281 0.346967 0.035937 0.160846
6 0.879687 0.365809 0.026042 0.152574
8 0.921094 0.371783 0.040104 0.171875
5 0.974219 0.342831 0.028646 0.077206
5 0.810937 0.776654 0.018750 0.022059
5 0.798958 0.804688 0.022917 0.041360
5 0.767188 0.868566 0.028125 0.038603
5 0.571875 0.783548 0.028125 0.079963
5 0.707292 0.957721 0.016667 0.060662
8 0.504427 0.442555 0.033854 0.140625
4 0.476823 0.437040 0.028646 0.164522
6 0.387500 0.396140 0.034375 0.106618
8 0.307031 0.382812 0.044271 0.129596
0 0.078646 0.581342 0.073958 0.164522
6 0.322917 0.704044 0.023958 0.093750
4 0.345573 0.711397 0.019271 0.099265
8 0.370052 0.900735 0.039062 0.170956
6 0.514844 0.761029 0.026562 0.093750
5 0.522135 0.792279 0.013021 0.031250
8 0.543229 0.759191 0.029167 0.128676
6 0.615885 0.777574 0.024479 0.132353
6 0.644531 0.787684 0.032813 0.126838
6 0.672917 0.795496 0.029167 0.105699
6 0.696354 0.817096 0.026042 0.110294
8 0.715625 0.829044 0.028125 0.113971
8 0.742448 0.830882 0.036979 0.130515
