5 0.360417 0.605239 0.017708 0.046875
5 0.343229 0.661305 0.017708 0.050551
5 0.582031 0.515165 0.026562 0.065257
5 0.123438 0.119945 0.023958 0.021140
5 0.033333 0.122702 0.026042 0.030331
5 0.260417 0.229320 0.009375 0.034007
5 0.249479 0.197151 0.021875 0.026654
5 0.352604 0.025735 0.014583 0.016544
4 0.148177 0.357537 0.073438 0.154412
4 0.095573 0.313419 0.046354 0.093750
4 0.504427 0.638787 0.023438 0.090074
4 0.470833 0.046875 0.021875 0.084559
0 0.144271 0.750000 0.111458 0.196691
0 0.326302 0.049173 0.032813 0.041360
0 0.728125 0.643382 0.110417 0.211397
0 0.521354 0.054228 0.023958 0.053309
4 0.563802 0.145680 0.019271 0.118566
8 0.339062 0.308364 0.087500 0.061581
8 0.329688 0.180607 0.082292 0.052390
8 0.678385 0.471048 0.067187 0.168199
6 0.251302 0.747702 0.045312 0.175551
6 0.177604 0.546875 0.058333 0.126838
8 0.269531 0.548254 0.047396 0.153493
8 0.342187 0.554228 0.048958 0.136029
